100075 001
100080 002
100098 003
101085 004
101087 005
102061 006
103041 007
103070 008
104022 009
105019 010
105025 011
105053 012
106020 013
106024 014
106025 015
108005 016
108041 017
108070 018
108073 019
108082 020
109034 021
109053 022
112082 023
113009 024
113016 025
113044 026
117054 027
118020 028
118035 029
119082 030
12003 031
12074 032
12084 033
122048 034
123074 035
124084 036
126007 037
126039 038
130026 039
130034 040
134008 041
134035 042
134052 043
135037 044
135069 045
138032 046
138078 047
140055 048
140075 049
14037 050
143090 051
144067 052
145014 053
145053 054
145086 055
147021 056
147062 057
147091 058
148026 059
148089 060
15004 061
15088 062
151087 063
153077 064
153093 065
155060 066
156065 067
156079 068
157036 069
157055 070
159008 071
159029 072
159045 073
159091 074
160068 075
16052 076
16077 077
161062 078
163014 079
163062 080
163085 081
164074 082
166081 083
167062 084
167083 085
169012 086
170054 087
170057 088
172032 089
173036 090
175032 091
175043 092
176019 093
176035 094
176039 095
178054 096
181018 097
181079 098
181091 099
182053 100
183055 101
183087 102
187003 103
187029 104
187039 105
187071 106
187083 107
188005 108
188063 109
188091 110
189003 111
189011 112
189080 113
19021 114
196015 115
196073 116
197017 117
198004 118
198023 119
198054 120
20008 121
202012 122
207056 123
208001 124
209070 125
2092 126
210088 127
21077 128
216041 129
216053 130
216066 131
216081 132
219090 133
220075 134
22013 135
22090 136
22093 137
223061 138
225017 139
227040 140
227046 141
227092 142
229036 143
23025 144
23080 145
23084 146
231015 147
232038 148
236017 149
236037 150
238011 151
239007 152
239096 153
24004 154
24063 155
24077 156
241004 157
241048 158
242078 159
245051 160
246016 161
246053 162
247085 163
249061 164
249087 165
25098 166
253027 167
253036 168
253055 169
254033 170
254054 171
260058 172
260081 173
26031 174
268002 175
27059 176
271008 177
271031 178
271035 179
274007 180
277095 181
28075 182
28096 183
285036 184
285079 185
286092 186
291000 187
292066 188
293029 189
295087 190
296007 191
296059 192
299086 193
299091 194
300091 195
301007 196
302003 197
302008 198
304034 199
304074 200
306005 201
309004 202
3096 203
310007 204
311068 205
311081 206
314016 207
317080 208
323016 209
326038 210
33039 211
33066 212
35008 213
35010 214
35058 215
35070 216
35091 217
351093 218
353013 219
361010 220
361084 221
365025 222
365073 223
368016 224
368078 225
370036 226
37073 227
372047 228
374020 229
374067 230
376001 231
376020 232
376043 233
38082 234
38092 235
385028 236
385039 237
388016 238
41004 239
41025 240
41033 241
41069 242
42012 243
42044 244
42049 245
42078 246
43070 247
43074 248
43083 249
45077 250
45096 251
46076 252
48055 253
54005 254
54082 255
55067 256
55073 257
55075 258
56028 259
58060 260
59078 261
60079 262
61060 263
61086 264
62096 265
65010 266
65019 267
65033 268
65074 269
65132 270
66039 271
66053 272
66075 273
67079 274
68077 275
69015 276
69020 277
69040 278
71046 279
76002 280
76053 281
78004 282
78019 283
80099 284
8023 285
8049 286
8143 287
85048 288
86000 289
86016 290
86068 291
87046 292
87065 293
89072 294
90076 295
92059 296
94079 297
95006 298
97017 299
97033 300