2018 0
2092 0
3063 0
3096 0
5096 0
6046 0
8023 0
8049 0
8068 0
8143 0
10081 0
12003 0
12074 0
12084 0
14037 0
14085 0
14092 0
15004 0
15011 0
15062 0
15088 0
16004 0
16052 0
16068 0
16077 0
17067 0
19021 0
20008 0
20069 0
21077 0
22013 0
22090 0
22093 0
23025 0
23050 0
23080 0
23084 0
24004 0
24063 0
24077 0
25098 0
26031 0
27059 0
28075 0
28083 0
28096 0
29030 0
33039 0
33044 0
33066 0
35008 0
35010 0
35028 0
35049 0
35058 0
35070 0
35091 0
36046 0
37073 0
38082 0
38092 0
41004 0
41006 0
41025 0
41029 0
41033 0
41069 0
41085 0
41096 0
42012 0
42044 0
42049 0
42078 0
43033 0
43051 0
43070 0
43074 0
43083 0
45000 0
45077 0
45096 0
46076 0
48017 0
48025 0
48055 0
49024 0
51084 0
54005 0
54082 0
55067 0
55073 0
55075 0
56028 0
58060 0
59078 0
60079 0
61034 0
61060 0
61086 0
62096 0
64061 0
65010 0
65019 0
65033 0
65074 0
65084 0
65132 0
66039 0
66053 0
66075 0
67079 0
68077 0
69000 0
69007 0
69015 0
69020 0
69022 0
69040 0
70011 0
70090 0
71046 0
71076 0
71099 0
76002 0
76053 0
77062 0
78004 0
78019 0
78098 0
79073 0
80085 0
80090 0
80099 0
81066 0
81090 0
81095 0
85048 0
86000 0
86016 0
86068 0
87015 0
87046 0
87065 0
89072 0
90076 0
92014 0
92059 0
94079 0
94095 0
95006 0
97010 0
97017 0
97033 0
100007 0
100039 0
100075 0
100080 0
100098 0
100099 0
101027 0
101084 0
101085 0
101087 0
102061 0
102062 0
103006 0
103029 0
103041 0
103070 0
103078 0
104010 0
104022 0
104055 0
105019 0
105025 0
105027 0
105053 0
106005 0
106020 0
106024 0
106025 0
106047 0
107014 0
107045 0
107072 0
108004 0
108005 0
108036 0
108041 0
108069 0
108070 0
108073 0
108082 0
109034 0
109053 0
109055 0
112056 0
112082 0
112090 0
113009 0
113016 0
113044 0
117025 0
117054 0
118015 0
118020 0
118031 0
118035 0
118072 0
119082 0
120003 0
120093 0
122048 0
123057 0
123074 0
124084 0
126007 0
126039 0
128035 0
130014 0
130026 0
130034 0
130066 0
134008 0
134035 0
134049 0
134052 0
134067 0
135037 0
135069 0
138032 0
138078 0
140006 0
140055 0
140075 0
140088 0
141012 0
141048 0
143090 0
144067 0
145014 0
145053 0
145059 0
145079 0
145086 0
146074 0
147021 0
147062 0
147077 0
147080 0
147091 0
148026 0
148089 0
151087 0
153077 0
153093 0
155060 0
156054 0
156065 0
156079 0
157032 0
157036 0
157055 0
157087 0
159002 0
159008 0
159022 0
159029 0
159045 0
159091 0
160006 0
160067 0
160068 0
161045 0
161062 0
163004 0
163014 0
163062 0
163085 0
163096 0
164046 0
164074 0
166081 0
167062 0
167083 0
168084 0
169012 0
170054 0
170057 0
172032 0
173036 0
175032 0
175043 0
175083 0
176019 0
176035 0
176039 0
176051 0
178054 0
179084 0
181018 0
181021 0
181079 0
181091 0
182053 0
183055 0
183066 0
183087 0
185092 0
187003 0
187029 0
187039 0
187058 0
187071 0
187083 0
187099 0
188005 0
188025 0
188063 0
188091 0
189003 0
189006 0
189011 0
189013 0
189029 0
189080 0
189096 0
196015 0
196027 0
196040 0
196062 0
196073 0
196088 0
197017 0
198004 0
198023 0
198054 0
198087 0
201080 0
202000 0
202012 0
206062 0
206097 0
207038 0
207049 0
207056 0
208001 0
208078 0
209021 0
209070 0
210088 0
216041 0
216053 0
216066 0
216081 0
217013 0
217090 0
219090 0
220003 0
220075 0
223004 0
223060 0
223061 0
225017 0
225022 0
226022 0
226033 0
226043 0
226060 0
227040 0
227046 0
227092 0
228076 0
229036 0
230063 0
230098 0
231015 0
232038 0
232076 0
235098 0
236017 0
236037 0
238011 0
238025 0
239007 0
239096 0
241004 0
241048 0
242078 0
243095 0
245051 0
246009 0
246016 0
246053 0
247003 0
247012 0
247085 0
249021 0
249061 0
249087 0
250047 0
250087 0
253016 0
253027 0
253036 0
253055 0
253092 0
254033 0
254054 0
257098 0
258089 0
259060 0
260058 0
260081 0
267036 0
268002 0
268048 0
268074 0
271008 0
271031 0
271035 0
274007 0
277053 0
277095 0
279005 0
281017 0
285022 0
285036 0
285079 0
286092 0
288024 0
289011 0
290035 0
291000 0
292066 0
293029 0
295087 0
296007 0
296028 0
296058 0
296059 0
299086 0
299091 0
300091 0
301007 0
302003 0
302008 0
302022 0
304034 0
304074 0
306005 0
306051 0
306052 0
309004 0
309040 0
310007 0
311068 0
311081 0
314016 0
317043 0
317080 0
323016 0
326025 0
326038 0
326085 0
334025 0
335088 0
335094 0
344010 0
346016 0
347031 0
351093 0
353013 0
361010 0
361084 0
365025 0
365072 0
365073 0
368016 0
368037 0
368078 0
370036 0
372019 0
372047 0
374020 0
374067 0
376001 0
376020 0
376043 0
376086 0
384022 0
384089 0
385022 0
385028 0
385039 0
388006 0
388016 0
388018 0
388067 0
393035 0
